01 02 11 04 06 <tag> 05 02 04 11 08 <tag> 02 03 01 08 05 <tag> 06 08 04 02 07 <tag> 05 10 11 06 03
01 03 02 07 08 <tag> 02 03 05 11 10 <tag> 02 04 01 03 09 <tag> 09 01 11 06 07 <tag> 02 09 11 10 03
07 09 03 08 10 <tag> 09 11 03 10 01 <tag> 08 07 03 09 02 <tag> 11 06 10 05 09 <tag> 06 01 08 09 05
05 01 03 10 07 <tag> 09 07 01 08 11 <tag> 10 01 09 07 03 <tag> 07 09 04 06 11 <tag> 11 09 06 07 05
10 02 11 05 06 <tag> 10 05 06 02 09 <tag> 11 05 04 07 02 <tag> 07 02 03 01 09 <tag> 09 02 10 06 03
02 11 08 03 09 <tag> 03 06 08 05 09 <tag> 09 05 03 02 10 <tag> 08 02 01 07 05 <tag> 08 02 04 05 03
02 10 08 06 09 <tag> 04 07 09 05 01 <tag> 09 10 07 03 01 <tag> 07 11 09 10 06 <tag> 09 05 01 06 08
03 06 05 02 08 <tag> 08 06 10 02 03 <tag> 08 09 07 10 02 <tag> 10 08 02 09 11 <tag> 10 04 07 01 11
03 04 01 02 05 <tag> 08 04 02 09 01 <tag> 10 09 07 02 11 <tag> 08 02 04 10 05 <tag> 05 04 08 02 09
10 02 06 04 01 <tag> 09 06 02 04 10 <tag> 10 08 04 03 06 <tag> 01 06 10 11 04 <tag> 05 08 04 02 03
05 04 11 06 02 <tag> 05 03 09 11 10 <tag> 11 04 05 09 03 <tag> 05 06 11 08 04 <tag> 10 01 07 06 04
09 11 03 10 06 <tag> 07 06 02 05 09 <tag> 05 06 07 10 08 <tag> 05 09 02 03 06 <tag> 07 03 01 11 04
06 05 02 09 03 <tag> 02 07 01 09 03 <tag> 04 01 02 07 09 <tag> 02 08 05 09 11 <tag> 07 06 03 08 09
07 10 08 09 03 <tag> 10 02 03 05 09 <tag> 10 05 04 11 08 <tag> 05 08 11 03 10 <tag> 09 04 02 07 08
10 11 06 05 01 <tag> 03 08 09 11 02 <tag> 02 04 06 07 09 <tag> 02 01 07 08 09 <tag> 03 07 08 04 05
04 08 06 11 02 <tag> 03 02 01 05 11 <tag> 10 09 08 02 01 <tag> 10 01 06 09 07 <tag> 06 03 02 01 04
11 10 01 07 06 <tag> 10 04 01 02 11 <tag> 03 07 04 06 01 <tag> 01 06 03 02 04 <tag> 05 01 03 10 07
04 03 09 11 05 <tag> 01 09 05 07 02 <tag> 02 10 01 04 05 <tag> 05 06 10 04 07 <tag> 09 06 07 05 02
07 11 03 06 01 <tag> 10 09 04 06 08 <tag> 10 08 04 11 03 <tag> 11 07 10 03 05 <tag> 05 02 07 01 09
04 09 05 03 08 <tag> 08 10 04 06 07 <tag> 02 11 04 01 03 <tag> 06 07 01 03 10 <tag> 02 10 01 04 05
